# Frame list with one line of data per frame:
#   FRAME_ID, RIG_ID, RIG_FROM_WORLD[QW, QX, QY, QZ, TX, TY, TZ], NUM_DATA_IDS, DATA_IDS[] as (SENSOR_TYPE, SENSOR_ID, DATA_ID)
# Number of frames: 72
1 1 -0.0121673288873877 0.003706757764086134 0.91641060398059671 0.40003727447144538 7.5510066392911037 0.80085907051190963 -2.0186332227004464 1 CAMERA 1 1
2 1 -0.034923696110793961 0.0045872180061168229 0.91652877773178931 0.39841472421384955 7.1432508365275913 0.97448947435890054 -2.4362275611309125 1 CAMERA 1 2
3 1 -0.04881091431779834 0.00688733000292321 0.91521350933608625 0.39994286049086669 6.1266145091743303 0.97603047971041412 -2.4784578636142909 1 CAMERA 1 3
4 1 -0.049359146853650136 0.012968761210284898 0.91318045959074479 0.40434754120210342 5.6657103311558528 0.84664737909118815 -2.2449451290176095 1 CAMERA 1 4
5 1 -0.01496774666755021 0.019471003161150871 0.91144087429791198 0.41069743029954836 5.7470619456093317 0.40815505413751235 -1.494066656194454 1 CAMERA 1 5
6 1 0.031185703378784548 0.024869753528447808 0.91009980545753622 0.41246489713714979 5.9429210176616447 -0.036887466042846852 -0.66766284731275893 1 CAMERA 1 6
7 1 0.074884795142542329 0.02745557567478326 0.90868626397709895 0.40978986380847421 5.6525419833892689 -0.2287444025593432 -0.15012236591684941 1 CAMERA 1 7
8 1 0.11434228957631697 0.025852793714591329 0.90708229614384339 0.40430085566816376 5.045453121208161 -0.29097249736657305 0.16382713641245597 1 CAMERA 1 8
9 1 0.14714719461825151 0.02526132423028208 0.90502683370133374 0.39829134925911891 4.5002678396613636 -0.37589385439285045 0.47614311033487938 1 CAMERA 1 9
10 1 0.18374489552393011 0.026214102155409997 0.90005438300500873 0.39427495716892641 4.1069179107613127 -0.5120786284630271 0.72664036709058388 1 CAMERA 1 10
11 1 0.23171231797127115 0.027438705486066386 0.88964523310111632 0.39254028883936232 4.2220189600300406 -0.63024685761216692 1.0135559435208246 1 CAMERA 1 11
12 1 0.28814778459551826 0.027838092182036742 0.87360934416757197 0.3911554788565082 4.4121917252658331 -0.88044035836472601 1.5198205851022937 1 CAMERA 1 12
13 1 0.34290846792563789 0.029430796725106019 0.85464427365820439 0.38875541968216681 4.3757702591450798 -1.1092495965469205 2.0093328784531401 1 CAMERA 1 13
14 1 0.38730526953870659 0.029874863581934981 0.8368903344556714 0.38563802821841264 4.1657876328772927 -1.1804500361509576 2.1386626231986314 1 CAMERA 1 14
15 1 0.41728377558854524 0.02763104821444954 0.82336857323521839 0.38363389893717714 4.0838001348328277 -1.10793730600667 1.9765946924989022 1 CAMERA 1 15
16 1 0.42230814088612256 0.026693011078502561 0.82132860288257825 0.38257370974470017 3.9050152977603627 -1.0028841940076891 1.8610640652811694 1 CAMERA 1 16
17 1 0.41225409799042873 0.026617979068538671 0.8247539158182039 0.3861593197411452 3.3974505281687377 -1.0678321783252436 1.78679224562869 1 CAMERA 1 17
18 1 0.3972035531449164 0.025565022482139717 0.82975800475200079 0.39125109654098084 2.944680595784098 -0.95712401813996806 1.6134627750484669 1 CAMERA 1 18
19 1 0.37661687110816972 0.02815023376375226 0.83740417766776865 0.39512218358414974 2.1364090820236528 -0.83374825871598024 1.3431219557389924 1 CAMERA 1 19
20 1 0.36475045940547474 0.030775907167967069 0.84146928982080726 0.39741587813013962 1.4842809558065537 -0.85476722061444488 1.2952963202663197 1 CAMERA 1 20
21 1 0.36127084667016096 0.033186510171261487 0.84340098771625815 0.39630392984188023 1.0879195271325881 -0.82836623757323524 1.1430039258273352 1 CAMERA 1 21
22 1 0.36680380733299545 0.034921396391844932 0.84255170808655677 0.39286394871569474 0.34361749674691017 -0.76163884245646829 0.86683324901296621 1 CAMERA 1 22
23 1 0.37405315975130415 0.036876120444903938 0.84041158330594634 0.39042637726745705 -0.28002249384506084 -0.63232745604799812 0.59606768460149007 1 CAMERA 1 23
24 1 0.38361462184985096 0.036752784804207288 0.83600526378600559 0.39062034462406431 -0.6999489036990113 -0.55809200431310357 0.50021992660130488 1 CAMERA 1 24
25 1 0.38310351526049236 0.037047613998100352 0.83664661724184008 0.38971991064081851 -1.3207397189011294 -0.38863139813056058 0.31131558807308191 1 CAMERA 1 25
26 1 0.38034135657581025 0.040092995172335215 0.83661042030398125 0.39219384091923126 -1.682300005910738 -0.24423024390176626 0.07459205982017296 1 CAMERA 1 26
27 1 0.3834004538722191 0.045202586979827306 0.83143775494525285 0.3995898869497389 -2.1067270045957422 -0.29436040629857757 -0.0080751843843683436 1 CAMERA 1 27
28 1 0.390736861309254 0.052844302806302215 0.82507332541318412 0.40470506862002448 -2.7922844400088129 -0.21879018672850101 0.011670029037778766 1 CAMERA 1 28
29 1 0.40873866070281795 0.060357904650391717 0.81461855162676777 0.40704575410952049 -3.1574410886965754 -0.0095627108528221674 -0.010275701199504732 1 CAMERA 1 29
30 1 0.43112205161021161 0.065792510689752406 0.8036483444902458 0.40491290489514942 -3.6053020873957 0.20243301802521699 -0.10309932453398088 1 CAMERA 1 30
31 1 0.45697830478557849 0.068816073705260286 0.7906374870787668 0.4016559983130642 -4.0345694652249922 0.30984024424808249 -0.31303468628862774 1 CAMERA 1 31
32 1 0.48889663386419902 0.069308926235348969 0.77473037185795712 0.39492936717999311 -4.3136263507678407 0.48648319423845232 -0.59526990126930979 1 CAMERA 1 32
33 1 0.52897176610448848 0.069405614670510929 0.75246160891776182 0.38622954110399205 -4.1124343591190273 0.71958502023441651 -1.0532063566817684 1 CAMERA 1 33
34 1 0.580467810119218 0.069234530843484979 0.72035785854760626 0.37329379419297742 -3.4823472782621101 1.0772311336800011 -1.6579942811886612 1 CAMERA 1 34
35 1 0.63419349514153578 0.070661120865728996 0.68262121781521168 0.3561374590051416 -2.4399651665041797 1.2583490840431033 -2.0892630886859984 1 CAMERA 1 35
36 1 0.68232589197894322 0.071698165974295042 0.64445115510056783 0.33759955394017627 -1.4267127646204487 1.2779917501638811 -2.1937568501918419 1 CAMERA 1 36
37 1 0.71773549089745325 0.070930042517889216 0.61540116244623377 0.31797185950084705 -1.2831161668092099 1.4191688817382173 -2.3849144060364305 1 CAMERA 1 37
38 1 0.75155920909022744 0.070802449347692087 0.58421125486368064 0.29806539230283524 -1.0695920338125342 1.5492529157389527 -2.5497347916451538 1 CAMERA 1 38
39 1 0.78959429975399076 0.067502226650834371 0.54316135221214878 0.27741672021753555 -0.21915968340772524 1.4385636327562552 -2.4117090099173288 1 CAMERA 1 39
40 1 0.82293673262987177 0.064380802707740853 0.50423208750653215 0.25373263144495811 0.45551085180523876 1.2394481690757662 -2.0232641419160604 1 CAMERA 1 40
41 1 0.85407285206217542 0.059324335432709256 0.46272526433638678 0.2300554636183845 0.68404657546652481 1.0436586810455064 -1.6540122195127596 1 CAMERA 1 41
42 1 0.88099463688079516 0.053935781053750666 0.4207546564100817 0.20953496228226939 0.66497345633755822 0.96811648726401167 -1.5908212590488164 1 CAMERA 1 42
43 1 0.9067512783861672 0.048147867584384087 0.37281694709667573 0.19102729111214106 0.89306386020566908 1.1222522660509069 -1.9860976523917064 1 CAMERA 1 43
44 1 0.9306947311987398 0.043475278021828982 0.32230086659744978 0.16744960110541723 0.9661602935442517 1.3407031794801685 -2.5669169339803459 1 CAMERA 1 44
45 1 0.95344678170054853 0.040344816390388193 0.2647605663475166 0.13861231100675939 1.2570046505674641 1.5924172728836707 -3.0370794534949019 1 CAMERA 1 45
46 1 0.97599235197910617 0.037839207396693629 0.18847844595331528 0.10238651606977196 2.1328384376696774 1.5113045639575047 -2.9643474021108811 1 CAMERA 1 46
47 1 0.99220477904794235 0.037656228231025116 0.10390496149944266 0.057579891330535794 3.5542277367761845 0.99402935390904967 -2.1445725206868897 1 CAMERA 1 47
48 1 0.99848937187204256 0.039315431239733405 0.029309862814597611 0.024783120602481015 4.4516046969316703 0.38033903454380735 -0.94505287333680288 1 CAMERA 1 48
49 1 0.99905868857972813 0.039870103442045612 -0.016797825780748846 0.0031535177047207672 4.5349823725621938 0.055574802762366753 -0.11021236726005745 1 CAMERA 1 49
50 1 0.99757427612706739 0.041387574929000373 -0.054769559144064853 -0.011529425060196512 4.1609008034765713 -0.33735175200074546 0.68919923647490922 1 CAMERA 1 50
51 1 0.99427557439123215 0.043702001422790342 -0.093422915417374616 -0.027899392745113202 3.80546152252374 -0.69417964462252135 1.4271328648555557 1 CAMERA 1 51
52 1 0.98755788325609861 0.046956461275599437 -0.14290381969492008 -0.045858655451386621 3.5070891828203656 -0.9343056383686309 2.021895242812453 1 CAMERA 1 52
53 1 0.97832184138961253 0.051197248540781677 -0.1896680504742278 -0.065507610483036063 3.4728504078617854 -1.3287834081096088 2.6747177838095273 1 CAMERA 1 53
54 1 0.9668176424892363 0.053563391157466125 -0.23490490235594569 -0.08493701282957386 3.3856112848920104 -1.6503536992201504 3.2698772398052109 1 CAMERA 1 54
55 1 0.95077199250021427 0.054885163314660611 -0.28705265490545018 -0.10305828659951696 2.7924359166855677 -1.9389849420844216 3.7959594991484811 1 CAMERA 1 55
56 1 0.93294004362213423 0.046867098734690665 -0.33568954809431056 -0.12140377820628352 1.8239084743932632 -1.8632426543053919 3.9628491674155852 1 CAMERA 1 56
57 1 0.91126572839485065 0.035342715969518212 -0.38565565505114952 -0.14005491925658645 1.020073706119647 -1.7306621164272527 3.9449180221453544 1 CAMERA 1 57
58 1 0.88466012566220753 0.02443325077977861 -0.4378813415849947 -0.15823845617101087 0.35954132693550639 -1.5209554660823981 3.6228191717391964 1 CAMERA 1 58
59 1 0.86203677765213349 0.013801085441685214 -0.47653020148764602 -0.17210778914941949 0.26315938017962842 -1.0838052906128337 2.9563989688318748 1 CAMERA 1 59
60 1 0.84097326765941105 0.0084563756882472512 -0.50947896594628905 -0.18199900013673703 -0.035059170272759156 -0.77094075533065398 2.2244971406942913 1 CAMERA 1 60
61 1 0.81667251927293161 0.0030462234391236943 -0.54472977397769973 -0.19054183301670655 -0.66641906295839715 -0.22177440532879436 1.212067859753551 1 CAMERA 1 61
62 1 0.78514503585771989 0.0026363331419029549 -0.58463791547273081 -0.20430083261515278 -0.85105386232912705 0.030376950775975305 0.56920553173079214 1 CAMERA 1 62
63 1 0.73561580350311417 0.0048860935018259968 -0.63835568952173638 -0.22659993244038626 -0.58058541685729637 0.23148409584309834 -0.019226364475459543 1 CAMERA 1 63
64 1 0.67740344349812898 0.0050887163395775823 -0.69042357575336488 -0.25379906569337474 0.45499942392495968 0.44647737011746141 -0.22053625283657927 1 CAMERA 1 64
65 1 0.60932086565698673 0.0059112022507017796 -0.74125494629872712 -0.28148578108075528 1.1086408180659093 0.3377533346180871 -0.08573509625245386 1 CAMERA 1 65
66 1 0.54782159479276027 0.0040611397246995808 -0.77877467376771348 -0.30558961847687982 1.1728192716673631 0.40419451477498047 -0.41383404515824301 1 CAMERA 1 66
67 1 -0.49047762047300919 -0.0043231840910395282 0.80818464098430054 0.32596104057314423 1.3694113486729329 0.65150770479356823 -0.96510842917733386 1 CAMERA 1 67
68 1 -0.4380398874800373 -0.00078213963771897013 0.83123371799540802 0.342302426666236 1.6329316545880059 0.73553092131842446 -1.1639154870090944 1 CAMERA 1 68
69 1 -0.37482631920666082 -0.00070457722108761302 0.85615358251917884 0.35567650630945774 2.147787472623774 0.84167908659346136 -1.4353442275992223 1 CAMERA 1 69
70 1 -0.28639691011730561 0.0014344976483382655 0.88412157088522092 0.36919344521159397 3.2432684751454715 1.0844609362973352 -1.6716400883964095 1 CAMERA 1 70
71 1 -0.19283292559222753 0.0052132373918197233 0.90347449020433634 0.38278209272829572 4.288867337587515 1.004067979278896 -1.5070930290609239 1 CAMERA 1 71
72 1 -0.098947551227884428 0.015959492923410017 0.91188358709536732 0.39802386897988751 4.9541211387643749 0.67054793368236543 -1.3760278641091688 1 CAMERA 1 72
