# Frame list with one line of data per frame:
#   FRAME_ID, RIG_ID, RIG_FROM_WORLD[QW, QX, QY, QZ, TX, TY, TZ], NUM_DATA_IDS, DATA_IDS[] as (SENSOR_TYPE, SENSOR_ID, DATA_ID)
# Number of frames: 78
1 1 -0.32971907446062715 0.0065111349433392687 0.83874240360432251 0.43330603210043217 2.278628606662898 0.6807650320416011 -1.7007642420736304 1 CAMERA 1 1
2 1 -0.30101381976685876 0.0065973080880755916 0.84605334579997771 0.43993282657244309 2.4447373591308463 0.6801680129754083 -1.7040236402705708 1 CAMERA 1 2
3 1 -0.255366535356223 0.0068531539386869848 0.85556199660410459 0.45028284096559779 2.5621284867110239 0.62692235471223523 -1.8049204505805962 1 CAMERA 1 3
4 1 -0.1949877659729882 0.0072832973174853386 0.86555371994391506 0.46124124120930365 2.6647693852759904 0.67291767067450348 -1.8944392669927868 1 CAMERA 1 4
5 1 -0.12534310033117574 0.0060354354967510288 0.87368741915291692 0.47002444014290229 2.8742359116718386 0.69033228853408457 -1.8942686415852905 1 CAMERA 1 5
6 1 -0.058879307157235654 0.0083774924943465449 0.87866951204852495 0.4737118674939419 3.036813629582034 0.56377189410360196 -1.6688799005737478 1 CAMERA 1 6
7 1 0.010832455124367884 0.0086208475122988241 0.87984537622777892 0.47505836781888866 3.4518267979694857 0.47502509397718917 -1.654861905824097 1 CAMERA 1 7
8 1 0.083260429327776525 0.003521359958458765 0.87529999938266512 0.47634568541438882 4.0864589031580252 0.50079407015769362 -1.4905297589688971 1 CAMERA 1 8
9 1 0.13570718973482185 0.0052629872541765559 0.86890135270166458 0.47598980965211524 4.4636204859678825 0.32560442649928878 -1.2798331981941307 1 CAMERA 1 9
10 1 0.18623013090369997 0.0055531435110377182 0.86046296640669273 0.47422672255296971 4.5099598079060259 0.17084458412845058 -1.0337438403052985 1 CAMERA 1 10
11 1 0.23827973006437794 0.0048338471489908236 0.84869646914119345 0.4721373819445549 4.945143637356046 0.060410283804227922 -0.82771932907636414 1 CAMERA 1 11
12 1 0.2877594708836691 0.007295757063205917 0.83431477858988989 0.4701702979475933 5.499305390054352 -0.13238944969729211 -0.51875451686543861 1 CAMERA 1 12
13 1 0.32984645634309218 0.014253395204461648 0.81992892952104557 0.46766944148353612 5.6285832772490627 -0.56417396934170883 0.082128120867152654 1 CAMERA 1 13
14 1 0.3697219927908732 0.017606158340959899 0.80353827128379662 0.46617798941763267 5.4601879903884853 -0.8982990812847842 0.76223394272698364 1 CAMERA 1 14
15 1 0.39871342721899822 0.01719714329886185 0.79207720613798505 0.46189345171184537 5.1976121938285997 -1.1277707528621592 1.2343720677225525 1 CAMERA 1 15
16 1 0.40889905626828843 0.019751193157007303 0.79115397979576463 0.45440822220235039 4.8408825878038098 -1.15868871636488 1.2845249157133238 1 CAMERA 1 16
17 1 0.41951732399541136 0.017490347995827299 0.79116991219618027 0.44469031092458294 4.4057896948023254 -1.2165893688021197 1.4568655998461528 1 CAMERA 1 17
18 1 0.4317729079203399 0.014706781776452214 0.78798927563456678 0.43866703550723324 3.8816486168890245 -1.2526036255389241 1.6172896645209929 1 CAMERA 1 18
19 1 0.44292080387240024 0.010291748345158266 0.78783640824201384 0.42781892812421196 3.3435030144821298 -1.2665297010277272 1.7963145350272924 1 CAMERA 1 19
20 1 0.45670628136118768 0.010106769153475982 0.78163281665347795 0.42469679268021859 2.9970070211796509 -1.2631694878363888 1.9384709160998408 1 CAMERA 1 20
21 1 0.47150419801338284 3.5739978873886351e-05 0.78366752058804712 0.40441192756123506 3.029828769876926 -1.1857046508428497 2.1414373718403246 1 CAMERA 1 21
22 1 0.48783139112954249 -0.0027189252249814381 0.77577135913143314 0.40023985262040707 2.9978234436656197 -1.2808154850217168 2.2703629355292034 1 CAMERA 1 22
23 1 0.49847890604338224 -0.0027168400735669272 0.77012096292837184 0.39802650849922672 2.5295963962107502 -1.2631206966211703 2.2572922997859539 1 CAMERA 1 23
24 1 0.5068148202753775 -0.0014334034088243311 0.76411455408694995 0.39908098368176609 2.1478606730244563 -1.2706060798196688 2.2309926753208944 1 CAMERA 1 24
25 1 0.51562046015932828 -0.0012040956903255986 0.75814800272410243 0.39918128360947192 1.7298392986247344 -1.2657275705917295 2.2528573418679114 1 CAMERA 1 25
26 1 0.52711161956621178 3.3507787805784688e-05 0.75127956337214785 0.397155331142449 1.2991570922326521 -1.2114161270123747 2.1774101002521151 1 CAMERA 1 26
27 1 0.54868724917459799 -0.0017064643745692439 0.739190438546379 0.39055970879516372 1.1302432560566165 -1.0184557099897564 1.862291762641171 1 CAMERA 1 27
28 1 0.57217378143529452 -0.00086478942312777775 0.72501858113963369 0.38335945661945248 1.0325600447097549 -0.78095694687737105 1.4488386849994237 1 CAMERA 1 28
29 1 0.60357173157118604 -0.0020554403256224352 0.70351173720543714 0.37519085227043586 0.73967254716894171 -0.66677476206992148 1.2142692721925858 1 CAMERA 1 29
30 1 0.62858109004527929 -0.0012577100446997975 0.68477048828384846 0.36874599628800275 0.25211263238649312 -0.49997294140897997 0.9227863860128348 1 CAMERA 1 30
31 1 0.64754814868149346 -0.00057846216320195918 0.66967568442168757 0.36361454620936229 -0.12215851945927211 -0.32747509507102857 0.65079923572512366 1 CAMERA 1 31
32 1 0.66242071868047336 -0.0017285551938942907 0.65785560770038787 0.35835987913958789 -0.5305558700485915 -0.15678037814158022 0.38360603035713142 1 CAMERA 1 32
33 1 0.67628674631548336 -0.0036574713472175562 0.64768022378599577 0.35090338752694311 -0.71656665260663821 -0.031234738300671628 0.12792598364070912 1 CAMERA 1 33
34 1 0.70112576130299697 -0.0089885242936099379 0.62700887685541173 0.3394138205978528 -0.7295998361567646 0.26580981316993491 -0.38840207357843931 1 CAMERA 1 34
35 1 0.72539951326900698 -0.010711746743022608 0.60667820588555144 0.32499593710428121 -0.69264999518364356 0.5252782579927453 -0.85218603611534693 1 CAMERA 1 35
36 1 0.75826381545879717 -0.014401131991002037 0.57436790278407057 0.30810729594521685 -0.71311048309037983 0.64342321817574333 -1.1142926165611071 1 CAMERA 1 36
37 1 0.78521716638175398 -0.015872239202734971 0.54661626131537167 0.29050427967192755 -1.0471354486211961 0.82829623717692402 -1.4263992037597688 1 CAMERA 1 37
38 1 0.8099908975028991 -0.015899361441188611 0.51847741134494418 0.27357472506292724 -1.1249571877833042 0.94698804193892094 -1.7280140657556753 1 CAMERA 1 38
39 1 0.83936736961220693 -0.01742413972571108 0.48007578258849437 0.25433454574073977 -0.86802541683278012 1.0123996931486321 -1.7637095187361993 1 CAMERA 1 39
40 1 0.86769953005738787 -0.01715618303846797 0.43876018015121998 0.23300792955478578 -0.37855981732479371 0.95963665290057065 -1.6412181111683073 1 CAMERA 1 40
41 1 0.8996411062382168 -0.018238858690379448 0.3829114330180502 0.20902645398181816 0.18524038431551301 0.86692230888732635 -1.5161383119105039 1 CAMERA 1 41
42 1 0.92357527082167812 -0.01809702307661995 0.33570846662437615 0.18433947574824669 0.62851093458557306 0.78665372122042765 -1.3846912193635754 1 CAMERA 1 42
43 1 0.94267385425012951 -0.018443254018789986 0.29159571910360099 0.16123829413280813 1.0677738279985145 0.93841309871069056 -1.7334401785561411 1 CAMERA 1 43
44 1 0.95805127547451052 -0.016957309883227308 0.24977212596619192 0.13951375664613397 1.5731875750919502 1.2291266476447356 -2.133313542172437 1 CAMERA 1 44
45 1 0.97138184384232784 -0.012436363064215845 0.2058430523665449 0.11786130883219686 1.9600518893525711 1.3167686342374456 -2.2275881082980873 1 CAMERA 1 45
46 1 0.98486463100556176 -0.0053258471270831841 0.14591033917692295 0.093399501433000159 2.7216054254811719 1.3862580900479149 -2.1934786465401994 1 CAMERA 1 46
47 1 0.9940082819633147 0.0046296841480922436 0.089177657440219965 0.063035282394094713 3.6551529597678925 1.4271206311277069 -1.9812750189478834 1 CAMERA 1 47
48 1 0.99805335207875179 0.013421971279420757 0.050608428360527098 0.033884274674531305 4.2354387118005867 1.2481012295304477 -1.8312839867561117 1 CAMERA 1 48
49 1 0.99984293270034286 0.016707841179286854 0.0048481919469680205 -0.003384229181179465 4.537380855092902 1.1236242309221729 -1.9251262560713551 1 CAMERA 1 49
50 1 0.99730391531370921 0.011444688604296019 -0.056069882499816502 -0.045935692866804163 4.9431549609862238 1.0975892701527847 -1.9316375231836309 1 CAMERA 1 50
51 1 0.99014221720989259 0.0068684146442169036 -0.11167263568205309 -0.08426409092120285 5.2426672331756707 0.78623091039352511 -1.4985713081655516 1 CAMERA 1 51
52 1 0.97852080364604399 0.0036646038876809212 -0.16981934688878089 -0.11681180134093737 5.7637845219019104 0.2855566805345916 -0.63616330192750126 1 CAMERA 1 52
53 1 0.96625367574084819 0.00071213601021514073 -0.21431383532946946 -0.14290873649282526 6.2414485997570521 -0.25213729572976579 0.20782903335189215 1 CAMERA 1 53
54 1 0.95243395758149274 0.00070590151092447817 -0.2578094441817998 -0.16249107249133318 6.36610920798406 -0.69753578960126017 1.1716062212493124 1 CAMERA 1 54
55 1 0.9454187752565042 0.0023108839081601345 -0.27370506519787519 -0.17681497813556826 6.164443205021894 -1.022755796895862 1.6419994076949831 1 CAMERA 1 55
56 1 0.94087942267397195 0.0062580059594793793 -0.28365986362923651 -0.18505088790910304 5.7862784301631498 -1.2620028489947992 1.9426523026544777 1 CAMERA 1 56
57 1 0.93647352836703912 0.0083517842725447065 -0.29318950786550718 -0.19232132186742845 5.2951503626923042 -1.4741000947883209 2.2885550081951647 1 CAMERA 1 57
58 1 0.9288578538551342 0.0091443847330027958 -0.3104638452943691 -0.20187042459093163 4.6357809524480738 -1.6446372647931904 2.6007882028752647 1 CAMERA 1 58
59 1 0.91651090860924567 0.0089814268517507453 -0.33709608646367778 -0.21515881776686355 4.0624039109139893 -1.7446422482764592 2.820454045176243 1 CAMERA 1 59
60 1 0.90160411178354682 0.0070039649033496231 -0.36585875995581552 -0.23066932577659127 3.56823372542316 -1.7399009549891755 2.8163422188492944 1 CAMERA 1 60
61 1 0.88656402669872292 0.0061693172101639163 -0.39277535744454994 -0.24432291065966907 3.0559164528951706 -1.5151591396091231 2.5447627679159623 1 CAMERA 1 61
62 1 0.87172718082092104 0.0079163219472248129 -0.41636174754912669 -0.25820911920897427 2.6280523687673059 -1.4062834386319591 2.4015725547411564 1 CAMERA 1 62
63 1 0.85750365852975052 0.0089137284683754921 -0.43523177958164977 -0.27419212077496946 2.1247718117411445 -1.3810900555262129 2.2056473595007149 1 CAMERA 1 63
64 1 0.83864990315754173 0.01351767392319406 -0.45850646524261779 -0.29369275400709571 1.4055976425666352 -1.3428158876565974 2.0276696119597766 1 CAMERA 1 64
65 1 0.81481396598115152 0.017037405881692298 -0.48752982995819405 -0.31321333391767342 0.66403895448996586 -1.2669304705105031 1.9494509466443668 1 CAMERA 1 65
66 1 0.79221085184471129 0.016190793353301258 -0.51328832828676119 -0.32965878795301323 0.1029606573051005 -1.1249239707447269 1.7842456107191702 1 CAMERA 1 66
67 1 0.76399257610413263 0.016027909383180595 -0.54439861493503472 -0.34596039923001537 -0.35673898528865772 -0.95895500441984005 1.521391971322239 1 CAMERA 1 67
68 1 0.72686239303261735 0.015105007363358005 -0.58435397598021055 -0.36051814254426828 -0.95817911375592046 -0.69452494495161543 1.1975448661220596 1 CAMERA 1 68
69 1 0.68416251975286935 0.012532222360495912 -0.62548831677903938 -0.37487191884833948 -1.2643484856013301 -0.61040265073581135 1.0734021184925313 1 CAMERA 1 69
70 1 0.63288499617804816 0.0069022625170299372 -0.67027464766177947 -0.38748011185960923 -1.300410336038486 -0.53918778276045087 1.1613921732828938 1 CAMERA 1 70
71 1 0.57412495314946721 0.0048439864171618925 -0.71597359580535158 -0.39716354827233002 -0.9952825992897576 -0.27715517317954097 0.74548073585974228 1 CAMERA 1 71
72 1 0.51790649067333838 0.0053870239036926861 -0.75114054706089206 -0.40930639556810294 -0.29743831031362966 0.027346886939575332 0.32873152736431804 1 CAMERA 1 72
73 1 -0.46453935109920974 -0.00721105808691112 0.77761161444159443 0.42364061302845973 0.0014966669298246288 0.074283028723255318 0.056095492836394721 1 CAMERA 1 73
74 1 -0.40673225509192856 -0.010173732845243985 0.79918455322159054 0.44245837964698392 0.303583830604438 0.16205471238927094 -0.28334731441639655 1 CAMERA 1 74
75 1 -0.337291530581382 -0.013715962438167126 0.81982151018326499 0.46253539022792001 0.83984769681677263 0.35672689061367424 -0.61775461877768933 1 CAMERA 1 75
76 1 -0.25576169711531493 -0.015813347149464068 0.83878564172360459 0.48038998696782342 1.1725801154597355 0.45461965112486258 -0.71661438071673877 1 CAMERA 1 76
77 1 -0.15888379127805119 -0.017740943485799174 0.85312300983671396 0.49661084349870227 1.6258418713821492 0.49535717925772105 -0.70774175451030108 1 CAMERA 1 77
78 1 -0.083853939998752014 -0.017984379928025988 0.85868296515614284 0.50528075777328441 2.0848306634415419 0.47162329676988263 -0.60134090032627363 1 CAMERA 1 78
